S,1,2,1,1,1,1,-17,1,-23,0,200,400,500,1000,100,100,100,100,100,5,0,200,400,500,1000,10,20,30,40,50,5,0,200,400,500,1000,50,50,50,50,50,5,0,200,400,500,1000,10,20,30,40,50,5,0,200,400,500,1000,10,20,30,40,50,5,0,200,400,500,1000,10,20,30,40,50,5,-1,500,1000,500,-1,0,1000,1000,-1

AFH,1,85,1
AFM,1,8,8,7,6,4,3,1,1,1,-12,-12,-16,-15,-13,-12,-11,-11,-11,8,8,8,10,10,20,20,20,20,100,100,100,100,100,100,100,100,100,3,8,0,1,1,-2,10,150,-85,-60,-40,-24,0,-95,-53,-31,-20,-12,5,-85,-60,-40,-25,0,-95,-53,-31,-18,-12,5,230,230,120,120,2,0,4,0,2,0,4,0,-10,-20,25,150,-1,300
AFP,1,8,8,7,6,4,3,1,1,1,-12,-13,-21,-19,-15,-13,-11,-11,-11,8,8,8,10,10,20,20,20,20,100,100,100,100,100,100,100,100,100,3,9,0,1,0,-3,10,150,-85,-60,-40,-24,0,-95,-53,-31,-21,-13,5,-85,-60,-40,-25,0,-95,-53,-31,-20,-13,5,230,230,120,120,2,0,4,0,2,0,4,0,-10,-20,25,150,-1,300
AFC,1,5,6,7,8,8,7,1,-1,-2,-12,-12,-16,-15,-13,-12,-11,-11,-11,8,8,8,10,10,20,20,20,20,100,100,100,100,100,100,100,100,100,3,8,0,1,2,-2,10,150,-85,-60,-40,-24,0,-95,-53,-34,-21,-12,5,-85,-60,-40,-25,0,-95,-53,-33,-20,-12,5,230,230,120,120,2,0,4,0,2,0,4,0,-10,-20,25,150,-1,300
AFAM,1,1,200,190,4,1,200,100,0,1,400,200,-1,1,740,250,-10,1,1050,200,-5,1,1800,1500,-3,1,4000,2000,-8,1,4500,4000,-3,1,11000,3000,3,2,17000,2000,-6,1,7500,3300,1,1,6900,1800,2,0,15000,3000,4,0,250,165,5,0,5900,1600,3,0,1600,400,-2,0,3100,700,2,0,6500,800,-2,0,12000,4000,-2,0,1500,1000,-1
AFAP,1,1,200,190,3,1,200,100,-3,1,400,200,-4,1,740,250,-13,1,1050,200,-8,1,1800,1500,-5,1,4000,2000,-8,1,4500,4000,-3,1,11000,3000,3,2,17000,2000,-6,1,7500,3300,1,1,6900,1800,2,0,15000,3000,4,0,250,165,5,0,5900,1600,3,0,1600,400,-2,0,3100,700,2,0,6500,800,-2,0,12000,4000,-2,0,1500,1000,-1
AFAC,1,1,200,190,4,1,200,100,0,1,400,200,-1,1,740,250,-10,1,1050,200,-5,1,1800,1500,-3,1,4000,2000,-8,1,4500,4000,-3,1,11000,3000,3,2,17000,2000,-6,1,7500,3300,1,1,6900,1800,2,0,15000,3000,4,0,250,165,5,0,5900,1600,3,0,1600,400,-2,0,3100,700,2,0,6500,800,-2,0,12000,4000,-2,0,1500,1000,-1
AMH,1,85,1
AMM,1,8,8,7,6,4,3,1,1,1,-12,-12,-16,-15,-13,-12,-11,-11,-11,8,8,8,10,10,20,20,20,20,100,100,100,100,100,100,100,100,100,3,8,0,1,1,-2,10,150,-85,-60,-40,-24,0,-95,-53,-31,-20,-12,5,-85,-60,-40,-25,0,-95,-53,-31,-18,-12,5,230,230,120,120,2,0,4,0,2,0,4,0,-10,-20,25,150,-1,300
AMP,1,8,8,7,6,4,3,1,1,1,-12,-13,-21,-19,-15,-13,-11,-11,-11,8,8,8,10,10,20,20,20,20,100,100,100,100,100,100,100,100,100,3,9,0,1,0,-3,10,150,-85,-60,-40,-24,0,-95,-53,-31,-21,-13,5,-85,-60,-40,-25,0,-95,-53,-31,-20,-13,5,230,230,120,120,2,0,4,0,2,0,4,0,-10,-20,25,150,-1,300
AMC,1,5,6,7,8,8,7,1,-1,-2,-12,-12,-16,-15,-13,-12,-11,-11,-11,8,8,8,10,10,20,20,20,20,100,100,100,100,100,100,100,100,100,3,8,0,1,2,-2,10,150,-85,-60,-40,-24,0,-95,-53,-34,-21,-12,5,-85,-60,-40,-25,0,-95,-53,-33,-20,-12,5,230,230,120,120,2,0,4,0,2,0,4,0,-10,-20,25,150,-1,300
AMAM,1,1,200,190,4,1,200,100,0,1,400,200,-1,1,740,250,-10,1,1050,200,-5,1,1800,1500,-3,1,4000,2000,-8,1,4500,4000,-3,1,11000,3000,3,2,17000,2000,-6,1,7500,3300,1,1,6900,1800,2,0,15000,3000,4,0,250,165,5,0,5900,1600,3,0,1600,400,-2,0,3100,700,2,0,6500,800,-2,0,12000,4000,-2,0,1500,1000,-1
AMAP,1,1,200,190,3,1,200,100,-3,1,400,200,-4,1,740,250,-13,1,1050,200,-8,1,1800,1500,-5,1,4000,2000,-8,1,4500,4000,-3,1,11000,3000,3,2,17000,2000,-6,1,7500,3300,1,1,6900,1800,2,0,15000,3000,4,0,250,165,5,0,5900,1600,3,0,1600,400,-2,0,3100,700,2,0,6500,800,-2,0,12000,4000,-2,0,1500,1000,-1
AMAC,1,1,200,190,4,1,200,100,0,1,400,200,-1,1,740,250,-10,1,1050,200,-5,1,1800,1500,-3,1,4000,2000,-8,1,4500,4000,-3,1,11000,3000,3,2,17000,2000,-6,1,7500,3300,1,1,6900,1800,2,0,15000,3000,4,0,250,165,5,0,5900,1600,3,0,1600,400,-2,0,3100,700,2,0,6500,800,-2,0,12000,4000,-2,0,1500,1000,-1

BFH,1,85,0
BFM,1,8,7,7,6,4,4,1,1,1,-12,-11,-14,-14,-15,-13,-12,-11,-11,5,5,8,10,10,20,20,20,20,100,100,100,100,100,100,100,100,100,3,8,0,1,1,-3,10,150,-85,-60,-40,-25,0,-95,-53,-31,-19,-12,5,-85,-60,-40,-25,0,-95,-53,-31,-18,-11,5,230,230,120,120,2,0,4,0,2,0,4,0,-10,-20,25,150,-1,300
BFP,1,8,7,7,6,4,4,1,1,1,-12,-11,-18,-19,-18,-14,-12,-11,-11,5,5,8,10,10,20,20,20,20,100,100,100,100,100,100,100,100,100,3,9,0,1,0,-4,10,150,-85,-60,-40,-25,0,-95,-53,-31,-20,-14,5,-85,-60,-40,-25,0,-95,-53,-31,-19,-13,5,230,230,120,120,2,0,4,0,2,0,4,0,-10,-20,25,150,-1,300
BFC,1,5,5,7,8,8,7,1,-1,-2,-12,-11,-14,-14,-15,-13,-12,-11,-11,5,5,8,10,10,20,20,20,20,100,100,100,100,100,100,100,100,100,3,8,0,1,2,-3,10,150,-85,-60,-40,-25,0,-95,-53,-34,-20,-12,5,-85,-60,-40,-25,0,-95,-53,-33,-20,-11,5,230,230,120,120,2,0,4,0,2,0,4,0,-10,-20,25,150,-1,300
BFAM,1,1,180,180,4,1,320,200,-4,1,690,320,-12,1,1100,280,-5,1,1600,300,1,1,3400,400,-1,1,4000,600,-10,1,4600,800,-11,1,5500,1200,-6,1,8500,3000,4,1,12000,4000,2,2,17000,200,-10,0,5400,1000,-6,0,1600,400,-2,0,3100,700,2,0,6500,800,-2,0,12000,4000,-2,0,1500,1000,-1,0,1000,200,7,0,250,165,5
BFAP,1,1,180,180,3,1,320,200,-6,1,690,320,-14,1,1100,280,-8,1,1600,300,-2,1,3400,400,-1,1,4000,600,-10,1,4600,800,-11,1,5500,1200,-6,1,8500,3000,4,1,12000,4000,2,2,17000,200,-10,0,5400,1000,-6,0,1600,400,-2,0,3100,700,2,0,6500,800,-2,0,12000,4000,-2,0,1500,1000,-1,0,1000,200,7,0,250,165,5
BFAC,1,1,180,180,4,1,320,200,-4,1,690,320,-12,1,1100,280,-5,1,1600,300,1,1,3400,400,-1,1,4000,600,-10,1,4600,800,-11,1,5500,1200,-6,1,8500,3000,4,1,12000,4000,2,2,17000,200,-10,0,5400,1000,-6,0,1600,400,-2,0,3100,700,2,0,6500,800,-2,0,12000,4000,-2,0,1500,1000,-1,0,1000,200,7,0,250,165,5
BMH,1,85,0
BMM,1,8,7,7,6,4,4,1,1,1,-12,-11,-14,-14,-15,-13,-12,-11,-11,5,5,8,10,10,20,20,20,20,100,100,100,100,100,100,100,100,100,3,8,0,1,1,-3,10,150,-85,-60,-40,-25,0,-95,-53,-31,-19,-12,5,-85,-60,-40,-25,0,-95,-53,-31,-18,-11,5,230,230,120,120,2,0,4,0,2,0,4,0,-10,-20,25,150,-1,300
BMP,1,8,7,7,6,4,4,1,1,1,-12,-11,-18,-19,-18,-14,-12,-11,-11,5,5,8,10,10,20,20,20,20,100,100,100,100,100,100,100,100,100,3,9,0,1,0,-4,10,150,-85,-60,-40,-25,0,-95,-53,-31,-20,-14,5,-85,-60,-40,-25,0,-95,-53,-31,-19,-13,5,230,230,120,120,2,0,4,0,2,0,4,0,-10,-20,25,150,-1,300
BMC,1,5,5,7,8,8,7,1,-1,-2,-12,-11,-14,-14,-15,-13,-12,-11,-11,5,5,8,10,10,20,20,20,20,100,100,100,100,100,100,100,100,100,3,8,0,1,2,-3,10,150,-85,-60,-40,-25,0,-95,-53,-34,-20,-12,5,-85,-60,-40,-25,0,-95,-53,-33,-20,-11,5,230,230,120,120,2,0,4,0,2,0,4,0,-10,-20,25,150,-1,300
BMAM,1,1,180,180,4,1,320,200,-4,1,690,320,-12,1,1100,280,-5,1,1600,300,1,1,3400,400,-1,1,4000,600,-10,1,4600,800,-11,1,5500,1200,-6,1,8500,3000,4,1,12000,4000,2,2,17000,200,-10,0,5400,1000,-6,0,1600,400,-2,0,3100,700,2,0,6500,800,-2,0,12000,4000,-2,0,1500,1000,-1,0,1000,200,7,0,250,165,5
BMAP,1,1,180,180,3,1,320,200,-6,1,690,320,-14,1,1100,280,-8,1,1600,300,-2,1,3400,400,-1,1,4000,600,-10,1,4600,800,-11,1,5500,1200,-6,1,8500,3000,4,1,12000,4000,2,2,17000,200,-10,0,5400,1000,-6,0,1600,400,-2,0,3100,700,2,0,6500,800,-2,0,12000,4000,-2,0,1500,1000,-1,0,1000,200,7,0,250,165,5
BMAC,1,1,180,180,4,1,320,200,-4,1,690,320,-12,1,1100,280,-5,1,1600,300,1,1,3400,400,-1,1,4000,600,-10,1,4600,800,-11,1,5500,1200,-6,1,8500,3000,4,1,12000,4000,2,2,17000,200,-10,0,5400,1000,-6,0,1600,400,-2,0,3100,700,2,0,6500,800,-2,0,12000,4000,-2,0,1500,1000,-1,0,1000,200,7,0,250,165,5

CFH,1,50,0
CFM,0,0,0,0,0,0,0,0,0,0,0,0,0,0,0,0,0,0,0,0,0,0,0,0,0,0,0,0,0,0,0,0,0,0,0,0,0,0,0,0,0,0,0,0,0,0,0,0,0,0,0,0,0,0,0,0,0,0,0,0,0,0,0,0,0,0,0,0,0,0,0,0,0,0,0,0,0,0,0,0,0,0,0,0,100
CFP,0,0,0,0,0,0,0,0,0,0,0,0,0,0,0,0,0,0,0,0,0,0,0,0,0,0,0,0,0,0,0,0,0,0,0,0,0,0,0,0,0,0,0,0,0,0,0,0,0,0,0,0,0,0,0,0,0,0,0,0,0,0,0,0,0,0,0,0,0,0,0,0,0,0,0,0,0,0,0,0,0,0,0,0,100
CFC,0,0,0,0,0,0,0,0,0,0,0,0,0,0,0,0,0,0,0,0,0,0,0,0,0,0,0,0,0,0,0,0,0,0,0,0,0,0,0,0,0,0,0,0,0,0,0,0,0,0,0,0,0,0,0,0,0,0,0,0,0,0,0,0,0,0,0,0,0,0,0,0,0,0,0,0,0,0,0,0,0,0,0,0,100
CFAM,0,0,800,200,0,0,800,200,0,0,800,200,0,0,800,200,0,0,800,200,0,0,800,200,0,0,800,200,0,0,800,200,0,0,800,200,0,0,800,200,0,0,800,200,0,0,800,200,0,0,800,200,0,0,800,200,0,0,800,200,0,0,800,200,0,0,800,200,0,0,800,200,0,0,800,200,0,0,800,200,0
CFAP,0,0,800,200,0,0,800,200,0,0,800,200,0,0,800,200,0,0,800,200,0,0,800,200,0,0,800,200,0,0,800,200,0,0,800,200,0,0,800,200,0,0,800,200,0,0,800,200,0,0,800,200,0,0,800,200,0,0,800,200,0,0,800,200,0,0,800,200,0,0,800,200,0,0,800,200,0,0,800,200,0
CFAC,0,0,800,200,0,0,800,200,0,0,800,200,0,0,800,200,0,0,800,200,0,0,800,200,0,0,800,200,0,0,800,200,0,0,800,200,0,0,800,200,0,0,800,200,0,0,800,200,0,0,800,200,0,0,800,200,0,0,800,200,0,0,800,200,0,0,800,200,0,0,800,200,0,0,800,200,0,0,800,200,0
CMH,1,50,0
CMM,0,0,0,0,0,0,0,0,0,0,0,0,0,0,0,0,0,0,0,0,0,0,0,0,0,0,0,0,0,0,0,0,0,0,0,0,0,0,0,0,0,0,0,0,0,0,0,0,0,0,0,0,0,0,0,0,0,0,0,0,0,0,0,0,0,0,0,0,0,0,0,0,0,0,0,0,0,0,0,0,0,0,0,0,100
CMP,0,0,0,0,0,0,0,0,0,0,0,0,0,0,0,0,0,0,0,0,0,0,0,0,0,0,0,0,0,0,0,0,0,0,0,0,0,0,0,0,0,0,0,0,0,0,0,0,0,0,0,0,0,0,0,0,0,0,0,0,0,0,0,0,0,0,0,0,0,0,0,0,0,0,0,0,0,0,0,0,0,0,0,0,100
CMC,0,0,0,0,0,0,0,0,0,0,0,0,0,0,0,0,0,0,0,0,0,0,0,0,0,0,0,0,0,0,0,0,0,0,0,0,0,0,0,0,0,0,0,0,0,0,0,0,0,0,0,0,0,0,0,0,0,0,0,0,0,0,0,0,0,0,0,0,0,0,0,0,0,0,0,0,0,0,0,0,0,0,0,0,100
CMAM,0,0,800,200,0,0,800,200,0,0,800,200,0,0,800,200,0,0,800,200,0,0,800,200,0,0,800,200,0,0,800,200,0,0,800,200,0,0,800,200,0,0,800,200,0,0,800,200,0,0,800,200,0,0,800,200,0,0,800,200,0,0,800,200,0,0,800,200,0,0,800,200,0,0,800,200,0,0,800,200,0
CMAP,0,0,800,200,0,0,800,200,0,0,800,200,0,0,800,200,0,0,800,200,0,0,800,200,0,0,800,200,0,0,800,200,0,0,800,200,0,0,800,200,0,0,800,200,0,0,800,200,0,0,800,200,0,0,800,200,0,0,800,200,0,0,800,200,0,0,800,200,0,0,800,200,0,0,800,200,0,0,800,200,0
CMAC,0,0,800,200,0,0,800,200,0,0,800,200,0,0,800,200,0,0,800,200,0,0,800,200,0,0,800,200,0,0,800,200,0,0,800,200,0,0,800,200,0,0,800,200,0,0,800,200,0,0,800,200,0,0,800,200,0,0,800,200,0,0,800,200,0,0,800,200,0,0,800,200,0,0,800,200,0,0,800,200,0

DFH,1,50,0
DFM,0,0,0,0,0,0,0,0,0,0,0,0,0,0,0,0,0,0,0,0,0,0,0,0,0,0,0,0,0,0,0,0,0,0,0,0,0,0,0,0,0,0,0,0,0,0,0,0,0,0,0,0,0,0,0,0,0,0,0,0,0,0,0,0,0,0,0,0,0,0,0,0,0,0,0,0,0,0,0,0,0,0,0,0,100
DFP,0,0,0,0,0,0,0,0,0,0,0,0,0,0,0,0,0,0,0,0,0,0,0,0,0,0,0,0,0,0,0,0,0,0,0,0,0,0,0,0,0,0,0,0,0,0,0,0,0,0,0,0,0,0,0,0,0,0,0,0,0,0,0,0,0,0,0,0,0,0,0,0,0,0,0,0,0,0,0,0,0,0,0,0,100
DFC,0,0,0,0,0,0,0,0,0,0,0,0,0,0,0,0,0,0,0,0,0,0,0,0,0,0,0,0,0,0,0,0,0,0,0,0,0,0,0,0,0,0,0,0,0,0,0,0,0,0,0,0,0,0,0,0,0,0,0,0,0,0,0,0,0,0,0,0,0,0,0,0,0,0,0,0,0,0,0,0,0,0,0,0,100
DFAM,0,0,800,200,0,0,800,200,0,0,800,200,0,0,800,200,0,0,800,200,0,0,800,200,0,0,800,200,0,0,800,200,0,0,800,200,0,0,800,200,0,0,800,200,0,0,800,200,0,0,800,200,0,0,800,200,0,0,800,200,0,0,800,200,0,0,800,200,0,0,800,200,0,0,800,200,0,0,800,200,0
DFAP,0,0,800,200,0,0,800,200,0,0,800,200,0,0,800,200,0,0,800,200,0,0,800,200,0,0,800,200,0,0,800,200,0,0,800,200,0,0,800,200,0,0,800,200,0,0,800,200,0,0,800,200,0,0,800,200,0,0,800,200,0,0,800,200,0,0,800,200,0,0,800,200,0,0,800,200,0,0,800,200,0
DFAC,0,0,800,200,0,0,800,200,0,0,800,200,0,0,800,200,0,0,800,200,0,0,800,200,0,0,800,200,0,0,800,200,0,0,800,200,0,0,800,200,0,0,800,200,0,0,800,200,0,0,800,200,0,0,800,200,0,0,800,200,0,0,800,200,0,0,800,200,0,0,800,200,0,0,800,200,0,0,800,200,0
DMH,1,50,0
DMM,0,0,0,0,0,0,0,0,0,0,0,0,0,0,0,0,0,0,0,0,0,0,0,0,0,0,0,0,0,0,0,0,0,0,0,0,0,0,0,0,0,0,0,0,0,0,0,0,0,0,0,0,0,0,0,0,0,0,0,0,0,0,0,0,0,0,0,0,0,0,0,0,0,0,0,0,0,0,0,0,0,0,0,0,100
DMP,0,0,0,0,0,0,0,0,0,0,0,0,0,0,0,0,0,0,0,0,0,0,0,0,0,0,0,0,0,0,0,0,0,0,0,0,0,0,0,0,0,0,0,0,0,0,0,0,0,0,0,0,0,0,0,0,0,0,0,0,0,0,0,0,0,0,0,0,0,0,0,0,0,0,0,0,0,0,0,0,0,0,0,0,100
DMC,0,0,0,0,0,0,0,0,0,0,0,0,0,0,0,0,0,0,0,0,0,0,0,0,0,0,0,0,0,0,0,0,0,0,0,0,0,0,0,0,0,0,0,0,0,0,0,0,0,0,0,0,0,0,0,0,0,0,0,0,0,0,0,0,0,0,0,0,0,0,0,0,0,0,0,0,0,0,0,0,0,0,0,0,100
DMAM,0,0,800,200,0,0,800,200,0,0,800,200,0,0,800,200,0,0,800,200,0,0,800,200,0,0,800,200,0,0,800,200,0,0,800,200,0,0,800,200,0,0,800,200,0,0,800,200,0,0,800,200,0,0,800,200,0,0,800,200,0,0,800,200,0,0,800,200,0,0,800,200,0,0,800,200,0,0,800,200,0
DMAP,0,0,800,200,0,0,800,200,0,0,800,200,0,0,800,200,0,0,800,200,0,0,800,200,0,0,800,200,0,0,800,200,0,0,800,200,0,0,800,200,0,0,800,200,0,0,800,200,0,0,800,200,0,0,800,200,0,0,800,200,0,0,800,200,0,0,800,200,0,0,800,200,0,0,800,200,0,0,800,200,0
DMAC,0,0,800,200,0,0,800,200,0,0,800,200,0,0,800,200,0,0,800,200,0,0,800,200,0,0,800,200,0,0,800,200,0,0,800,200,0,0,800,200,0,0,800,200,0,0,800,200,0,0,800,200,0,0,800,200,0,0,800,200,0,0,800,200,0,0,800,200,0,0,800,200,0,0,800,200,0,0,800,200,0

EAFA,1,1,210,230,23,1,400,400,5,1,350,600,7,1,6300,8000,7,1,8000,4400,7,0,0,0
EAFB,1,1,210,230,19,1,400,400,5,1,350,600,7,1,6300,8000,7,1,8000,4400,7,0,0,0
EAFC,1,1,210,230,15,1,400,400,5,1,350,600,7,1,6300,8000,7,1,8000,4400,7,0,0,0
EAFD,1,1,200,220,10,1,400,400,5,1,350,600,7,1,6300,8000,7,1,8000,4400,7,0,0,0
EAFE,1,1,180,180,6,1,400,400,5,1,350,600,7,1,6300,8000,7,1,8000,4400,7,0,0,0
EAFF,1,1,180,180,4,1,400,400,5,1,350,600,7,1,6300,8000,7,1,8000,4400,7,0,0,0
EAFG,1,1,180,180,1,1,400,400,4,1,350,600,6,1,6300,8000,6,1,8000,4400,6,0,0,0
EAFH,1,1,180,180,0,1,400,400,3,1,350,600,4,1,6300,8000,4,1,8000,4400,4,0,0,0
EAFI,1,3,100,220,0,1,400,400,1,1,350,600,2,1,6300,8000,2,1,8000,4400,2,0,0,0
EAFJ,1,3,115,220,0,0,400,400,0,0,350,600,0,0,6300,8000,0,0,8000,4400,0,0,0,0

EAMA,1,1,210,230,23,1,400,400,5,1,350,600,7,1,6300,8000,7,1,8000,4400,7,0,0,0
EAMB,1,1,210,230,19,1,400,400,5,1,350,600,7,1,6300,8000,7,1,8000,4400,7,0,0,0
EAMC,1,1,210,230,15,1,400,400,5,1,350,600,7,1,6300,8000,7,1,8000,4400,7,0,0,0
EAMD,1,1,200,220,10,1,400,400,5,1,350,600,7,1,6300,8000,7,1,8000,4400,7,0,0,0
EAME,1,1,180,180,6,1,400,400,5,1,350,600,7,1,6300,8000,7,1,8000,4400,7,0,0,0
EAMF,1,1,180,180,4,1,400,400,5,1,350,600,7,1,6300,8000,7,1,8000,4400,7,0,0,0
EAMG,1,1,180,180,1,1,400,400,4,1,350,600,6,1,6300,8000,6,1,8000,4400,6,0,0,0
EAMH,1,1,180,180,0,1,400,400,3,1,350,600,4,1,6300,8000,4,1,8000,4400,4,0,0,0
EAMI,1,3,100,220,0,1,400,400,1,1,350,600,2,1,6300,8000,2,1,8000,4400,2,0,0,0
EAMJ,1,3,115,220,0,0,400,400,0,0,350,600,0,0,6300,8000,0,0,8000,4400,0,0,0,0

EBFA,1,1,180,180,5,1,240,280,23,1,450,600,7,1,4000,5000,7,1,8500,5000,9,0,0,0
EBFB,1,1,180,180,5,1,240,280,20,1,450,600,7,1,4000,5000,7,1,8500,5000,9,0,0,0
EBFC,1,1,180,180,5,1,240,280,17,1,450,600,7,1,4000,5000,7,1,8500,5000,9,0,0,0
EBFD,1,1,180,180,5,1,240,280,11,1,450,600,7,1,4000,5000,7,1,8500,5000,9,0,0,0
EBFE,1,1,180,180,5,1,240,280,7,1,450,600,7,1,4000,5000,7,1,8500,5000,9,0,0,0
EBFF,1,1,180,180,4,1,240,280,5,1,450,600,7,1,4000,5000,7,1,8500,5000,9,0,0,0
EBFG,1,1,180,180,2,1,240,280,5,1,450,600,6,1,4000,5000,6,1,8500,5000,8,0,0,0
EBFH,1,1,180,180,1,1,240,280,3,1,450,600,4,1,4000,5000,4,1,8500,5000,6,0,0,0
EBFI,1,3,100,180,0,1,240,280,2,1,450,600,2,1,4000,5000,2,1,8500,5000,2,0,0,0
EBFJ,1,3,115,160,0,0,240,280,0,0,450,600,0,0,4000,5000,0,0,8500,5000,0,0,0,0

EBMA,1,1,180,180,5,1,240,280,23,1,450,600,7,1,4000,5000,7,1,8500,5000,9,0,0,0
EBMB,1,1,180,180,5,1,240,280,20,1,450,600,7,1,4000,5000,7,1,8500,5000,9,0,0,0
EBMC,1,1,180,180,5,1,240,280,17,1,450,600,7,1,4000,5000,7,1,8500,5000,9,0,0,0
EBMD,1,1,180,180,5,1,240,280,11,1,450,600,7,1,4000,5000,7,1,8500,5000,9,0,0,0
EBME,1,1,180,180,5,1,240,280,7,1,450,600,7,1,4000,5000,7,1,8500,5000,9,0,0,0
EBMF,1,1,180,180,4,1,240,280,5,1,450,600,7,1,4000,5000,7,1,8500,5000,9,0,0,0
EBMG,1,1,180,180,2,1,240,280,5,1,450,600,6,1,4000,5000,6,1,8500,5000,8,0,0,0
EBMH,1,1,180,180,1,1,240,280,3,1,450,600,4,1,4000,5000,4,1,8500,5000,6,0,0,0
EBMI,1,3,100,180,0,1,240,280,2,1,450,600,2,1,4000,5000,2,1,8500,5000,2,0,0,0
EBMJ,1,3,115,160,0,0,240,280,0,0,450,600,0,0,4000,5000,0,0,8500,5000,0,0,0,0

ECFA,0,0,800,200,0,0,800,200,0,0,800,200,0,0,800,200,0,0,800,200,0,0,0,0
ECFB,0,0,800,200,0,0,800,200,0,0,800,200,0,0,800,200,0,0,800,200,0,0,0,0
ECFC,0,0,800,200,0,0,800,200,0,0,800,200,0,0,800,200,0,0,800,200,0,0,0,0
ECFD,0,0,800,200,0,0,800,200,0,0,800,200,0,0,800,200,0,0,800,200,0,0,0,0
ECFE,0,0,800,200,0,0,800,200,0,0,800,200,0,0,800,200,0,0,800,200,0,0,0,0
ECFF,0,0,800,200,0,0,800,200,0,0,800,200,0,0,800,200,0,0,800,200,0,0,0,0
ECFG,0,0,800,200,0,0,800,200,0,0,800,200,0,0,800,200,0,0,800,200,0,0,0,0
ECFH,0,0,800,200,0,0,800,200,0,0,800,200,0,0,800,200,0,0,800,200,0,0,0,0
ECFI,0,0,800,200,0,0,800,200,0,0,800,200,0,0,800,200,0,0,800,200,0,0,0,0
ECFJ,0,0,800,200,0,0,800,200,0,0,800,200,0,0,800,200,0,0,800,200,0,0,0,0

ECMA,0,0,800,200,0,0,800,200,0,0,800,200,0,0,800,200,0,0,800,200,0,0,0,0
ECMB,0,0,800,200,0,0,800,200,0,0,800,200,0,0,800,200,0,0,800,200,0,0,0,0
ECMC,0,0,800,200,0,0,800,200,0,0,800,200,0,0,800,200,0,0,800,200,0,0,0,0
ECMD,0,0,800,200,0,0,800,200,0,0,800,200,0,0,800,200,0,0,800,200,0,0,0,0
ECME,0,0,800,200,0,0,800,200,0,0,800,200,0,0,800,200,0,0,800,200,0,0,0,0
ECMF,0,0,800,200,0,0,800,200,0,0,800,200,0,0,800,200,0,0,800,200,0,0,0,0
ECMG,0,0,800,200,0,0,800,200,0,0,800,200,0,0,800,200,0,0,800,200,0,0,0,0
ECMH,0,0,800,200,0,0,800,200,0,0,800,200,0,0,800,200,0,0,800,200,0,0,0,0
ECMI,0,0,800,200,0,0,800,200,0,0,800,200,0,0,800,200,0,0,800,200,0,0,0,0
ECMJ,0,0,800,200,0,0,800,200,0,0,800,200,0,0,800,200,0,0,800,200,0,0,0,0

EDFA,0,0,800,200,0,0,800,200,0,0,800,200,0,0,800,200,0,0,800,200,0,0,0,0
EDFB,0,0,800,200,0,0,800,200,0,0,800,200,0,0,800,200,0,0,800,200,0,0,0,0
EDFC,0,0,800,200,0,0,800,200,0,0,800,200,0,0,800,200,0,0,800,200,0,0,0,0
EDFD,0,0,800,200,0,0,800,200,0,0,800,200,0,0,800,200,0,0,800,200,0,0,0,0
EDFE,0,0,800,200,0,0,800,200,0,0,800,200,0,0,800,200,0,0,800,200,0,0,0,0
EDFF,0,0,800,200,0,0,800,200,0,0,800,200,0,0,800,200,0,0,800,200,0,0,0,0
EDFG,0,0,800,200,0,0,800,200,0,0,800,200,0,0,800,200,0,0,800,200,0,0,0,0
EDFH,0,0,800,200,0,0,800,200,0,0,800,200,0,0,800,200,0,0,800,200,0,0,0,0
EDFI,0,0,800,200,0,0,800,200,0,0,800,200,0,0,800,200,0,0,800,200,0,0,0,0
EDFJ,0,0,800,200,0,0,800,200,0,0,800,200,0,0,800,200,0,0,800,200,0,0,0,0

EDMA,0,0,800,200,0,0,800,200,0,0,800,200,0,0,800,200,0,0,800,200,0,0,0,0
EDMB,0,0,800,200,0,0,800,200,0,0,800,200,0,0,800,200,0,0,800,200,0,0,0,0
EDMC,0,0,800,200,0,0,800,200,0,0,800,200,0,0,800,200,0,0,800,200,0,0,0,0
EDMD,0,0,800,200,0,0,800,200,0,0,800,200,0,0,800,200,0,0,800,200,0,0,0,0
EDME,0,0,800,200,0,0,800,200,0,0,800,200,0,0,800,200,0,0,800,200,0,0,0,0
EDMF,0,0,800,200,0,0,800,200,0,0,800,200,0,0,800,200,0,0,800,200,0,0,0,0
EDMG,0,0,800,200,0,0,800,200,0,0,800,200,0,0,800,200,0,0,800,200,0,0,0,0
EDMH,0,0,800,200,0,0,800,200,0,0,800,200,0,0,800,200,0,0,800,200,0,0,0,0
EDMI,0,0,800,200,0,0,800,200,0,0,800,200,0,0,800,200,0,0,800,200,0,0,0,0
EDMJ,0,0,800,200,0,0,800,200,0,0,800,200,0,0,800,200,0,0,800,200,0,0,0,0

